产品
个数
签单金额（万）
个数
签单金额（万）
个数
签单金额（万）
个数
签单金额（万）
个数
签单金额万)
3D仿真系统
11
167.51
18
142.64
8
103.95
10
186.74
47
600.84
DCIM
12
954.07
11
394.10
4
249.60
5
168.69
32
1,766.46
IT资产管理
0
0
1
0.14
0
0
1
15.88
2
16.02
动环监控
14
422.33
29
1,266.95
13
576.21
12
356.02
68
2.621.51
暖通自控
0
0
0
0
0
0
1
50.00
1
50.00
容量资产
0
0
1
-5.62
0
0
2
46.52
3
40.90
弱电/安防
0
0
1
2.98
0
0
1
239.22
2
242.20
设备管理
0
0
0
0
0
0
1
-2.40
1
-2.40
微模块
0
0
1
54.50
0
0
2
103.55
3
158.05
蓄电池监测
3
53.77
6
62.96
7
310.16
8
73.29
24
500.18
移动巡检
0
0
1
14.70
0
0
2
15.63
3
30.33
运维管理系统
0
0
0
0
0
0
1
7.44
1
7.44
总计
40
1597.68
69
1,933.35
32
1,239.92
46
1,260.58
187
6,031.53